1 1.000000
2 1.000000
3 0.990000
4 0.970100
5 0.940499
6 0.901493
7 0.853472
8 0.796916
9 0.732391
10 0.660542
11 0.582088
12 0.497813
13 0.408560
14 0.315221
15 0.218729
16 0.120051
17 0.020172
18 -0.079909
19 -0.179190
20 -0.276680
21 -0.371403
22 -0.462412
23 -0.548796
24 -0.629693
25 -0.704293
26 -0.771850
27 -0.831688
28 -0.883210
29 -0.925899
30 -0.959329
31 -0.983166
32 -0.997171
33 -1.001205
34 -0.995226
35 -0.979295
36 -0.953572
37 -0.918312
38 -0.873869
39 -0.820688
40 -0.759299
41 -0.690318
42 -0.614433
43 -0.532405
44 -0.445052
45 -0.353248
46 -0.257912
47 -0.159997
48 -0.060482
49 0.039638
50 0.139362
51 0.237692
52 0.333645
53 0.426261
54 0.514615
55 0.597823
56 0.675052
57 0.745531
58 0.808555
59 0.863493
60 0.909796
61 0.947001
62 0.974736
63 0.992724
64 1.000784
65 0.998837
66 0.986901
67 0.965096
68 0.933640
69 0.892848
70 0.843127
71 0.784975
72 0.718973
73 0.645781
74 0.566132
75 0.480821
76 0.390702
77 0.296676
78 0.199683
79 0.100693
80 0.000697
81 -0.099307
82 -0.198317
83 -0.295345
84 -0.389419
85 -0.479598
86 -0.564982
87 -0.644716
88 -0.718002
89 -0.784109
90 -0.842375
91 -0.892217
92 -0.933136
93 -0.964724
94 -0.986665
95 -0.998739
96 -1.000826
97 -0.992905
98 -0.975054
99 -0.947453
100 -0.910377
101 -0.864198
102 -0.809376
103 -0.746461
104 -0.676081
105 -0.598940
106 -0.515810
107 -0.427522
108 -0.334958
109 -0.239045
110 -0.140741
111 -0.041030
112 0.059091
113 0.158621
114 0.256565
115 0.351944
116 0.443803
117 0.531224
118 0.613333
119 0.689308
120 0.758390
121 0.819889
122 0.873188
123 0.917756
124 0.953146
125 0.979004
126 0.995073
127 1.001190
128 0.997296
129 0.983429
130 0.959727
131 0.926428
132 0.883865
133 0.832463
134 0.772737
135 0.705283
136 0.630776
137 0.549961
138 0.463647
139 0.372697
140 0.278019
141 0.180561
142 0.081298
143 -0.018779
144 -0.118667
145 -0.217369
146 -0.313898
147 -0.407287
148 -0.496603
149 -0.580954
150 -0.659495
151 -0.731440
152 -0.796072
153 -0.852742
154 -0.900886
155 -0.940020
156 -0.969754
157 -0.989791
158 -0.999929
159 -1.000069
160 -0.990207
161 -0.970444
162 -0.940975
163 -0.902098
164 -0.854199
165 -0.797758
166 -0.733340
167 -0.661588
168 -0.583220
169 -0.499020
170 -0.409830
171 -0.316541
172 -0.220088
173 -0.121433
174 -0.021564
175 0.078521
176 0.177821
177 0.275342
178 0.370110
179 0.461177
180 0.547632
181 0.628610
182 0.703303
183 0.770962
184 0.830912
185 0.882553
186 0.925368
187 0.958930
188 0.982902
189 0.997045
190 1.001217
191 0.995378
192 0.979584
193 0.953995
194 0.918866
195 0.874548
196 0.821484
197 0.760206
198 0.691326
199 0.615532
200 0.533583
201 0.446298
202 0.354550
203 0.259257
204 0.161371
205 0.061871
206 -0.038247
207 -0.137983
208 -0.236339
209 -0.332332
210 -0.425001
211 -0.513421
212 -0.596706
213 -0.674024
214 -0.744601
215 -0.807733
216 -0.862787
217 -0.909214
218 -0.946548
219 -0.974417
220 -0.992542
221 -1.000741
222 -0.998933
223 -0.987135
224 -0.965466
225 -0.934142
226 -0.893477
227 -0.843877
228 -0.785838
229 -0.719941
230 -0.646845
231 -0.567279
232 -0.482042
233 -0.391983
234 -0.298005
235 -0.201047
236 -0.102078
237 -0.002089
238 0.097922
239 0.196953
240 0.294014
241 0.388136
242 0.478376
243 0.563832
244 0.643650
245 0.717032
246 0.783243
247 0.841621
248 0.891584
249 0.932630
250 0.964351
251 0.986427
252 0.998640
253 1.000866
254 0.993083
255 0.975369
256 0.947902
257 0.910956
258 0.864900
259 0.810195
260 0.747388
261 0.677107
262 0.600055
263 0.517003
264 0.428780
265 0.336270
266 0.240397
267 0.142120
268 0.042421
269 -0.057701
270 -0.157247
271 -0.255220
272 -0.350640
273 -0.442555
274 -0.530043
275 -0.612232
276 -0.688298
277 -0.757481
278 -0.819089
279 -0.872506
280 -0.917198
281 -0.952718
282 -0.978711
283 -0.994917
284 -1.001174
285 -0.997419
286 -0.983689
287 -0.960123
288 -0.926955
289 -0.884518
290 -0.833236
291 -0.773621
292 -0.706270
293 -0.631857
294 -0.551124
295 -0.464881
296 -0.373988
297 -0.279356
298 -0.181930
299 -0.082685
300 0.017387
301 0.117285
302 0.216010
303 0.312576
304 0.406015
305 0.495394
306 0.579819
307 0.658446
308 0.730489
309 0.795227
310 0.852012
311 0.900277
312 0.939540
313 0.969407
314 0.989580
315 0.999857
316 1.000135
317 0.990412
318 0.970785
319 0.941450
320 0.902701
321 0.854924
322 0.798599
323 0.734287
324 0.662632
325 0.584351
326 0.500227
327 0.411100
328 0.317862
329 0.221445
330 0.122815
331 0.022955
332 -0.077133
333 -0.176451
334 -0.274003
335 -0.368816
336 -0.459941
337 -0.546466
338 -0.627526
339 -0.702311
340 -0.770073
341 -0.830135
342 -0.881895
343 -0.924836
344 -0.958528
345 -0.982635
346 -0.996916
347 -1.001228
348 -0.995528
349 -0.979872
350 -0.954417
351 -0.919418
352 -0.875225
353 -0.822280
354 -0.761111
355 -0.692332
356 -0.616629
357 -0.534760
358 -0.447544
359 -0.355852
360 -0.260601
361 -0.162745
362 -0.063261
363 0.036856
364 0.136604
365 0.234986
366 0.331018
367 0.423740
368 0.512225
369 0.595587
370 0.672994
371 0.743670
372 0.806910
373 0.862081
374 0.908630
375 0.946094
376 0.974096
377 0.992357
378 1.000695
379 0.999026
380 0.987367
381 0.965834
382 0.934642
383 0.894105
384 0.844625
385 0.786700
386 0.720908
387 0.647907
388 0.568426
389 0.483261
390 0.393264
391 0.299334
392 0.202410
393 0.103463
394 0.003481
395 -0.096536
396 -0.195588
397 -0.292683
398 -0.386852
399 -0.477153
400 -0.562681
